-8.836559900000000000e+08 1.005000000000000071e+01
-8.679311890000000000e+08 1.061999999999999922e+01
-8.520335880000000000e+08 1.118999999999999950e+01
-8.363951880000000000e+08 1.175000000000000000e+01
-8.204975870000000000e+08 1.231000000000000050e+01
-8.048591870000000000e+08 1.281000000000000050e+01
-7.889615860000000000e+08 1.330000000000000071e+01
-7.733231860000000000e+08 1.378999999999999915e+01
-7.574255850000000000e+08 1.427999999999999936e+01
-7.417007850000000000e+08 1.481000000000000050e+01
-7.258031840000000000e+08 1.533999999999999986e+01
-7.101647840000000000e+08 1.584999999999999964e+01
-6.942671830000000000e+08 1.635000000000000142e+01
-6.786287830000000000e+08 1.687999999999999901e+01
-6.627311820000000000e+08 1.741000000000000014e+01
-6.470927820000000000e+08 1.789000000000000057e+01
-6.311951810000000000e+08 1.835999999999999943e+01
-6.154703810000000000e+08 1.878000000000000114e+01
-5.995727810000000000e+08 1.919999999999999929e+01
-5.839343800000000000e+08 1.960000000000000142e+01
-5.680367800000000000e+08 1.998999999999999844e+01
-5.523983790000000000e+08 2.039000000000000057e+01
-5.365007790000000000e+08 2.078000000000000114e+01
-5.208623780000000000e+08 2.119999999999999929e+01
-5.049647780000000000e+08 2.160999999999999943e+01
-4.892399780000000000e+08 2.189000000000000057e+01
-4.733423780000000000e+08 2.216000000000000014e+01
-4.577039770000000000e+08 2.242999999999999972e+01
-4.418063770000000000e+08 2.269000000000000128e+01
-4.261679770000000000e+08 2.292000000000000171e+01
-4.102703770000000000e+08 2.314000000000000057e+01
-3.946319770000000000e+08 2.339000000000000057e+01
-3.787343760000000000e+08 2.364000000000000057e+01
-3.630095760000000000e+08 2.387999999999999901e+01
-3.471119760000000000e+08 2.412000000000000099e+01
-3.314735760000000000e+08 2.439999999999999858e+01
-3.155759750000000000e+08 2.467999999999999972e+01
-2.999375750000000000e+08 2.503999999999999915e+01
-2.840399740000000000e+08 2.539000000000000057e+01
-2.684015740000000000e+08 2.576000000000000156e+01
-2.525039740000000000e+08 2.612999999999999901e+01
-2.367791730000000000e+08 2.653999999999999915e+01
-2.208815730000000000e+08 2.694000000000000128e+01
-2.052431720000000000e+08 2.737000000000000099e+01
-1.893455720000000000e+08 2.780000000000000071e+01
-1.737071710000000000e+08 2.819999999999999929e+01
-1.578095710000000000e+08 2.860000000000000142e+01
-1.421711710000000000e+08 2.901999999999999957e+01
-1.262735700000000000e+08 2.944999999999999929e+01
-1.105487700000000000e+08 2.978000000000000114e+01
-9.465117000000000000e+07 3.010999999999999943e+01
-7.901276900000000000e+07 3.044999999999999929e+01
-6.311516900000000000e+07 3.078999999999999915e+01
-4.747676900000000000e+07 3.103999999999999915e+01
-3.157916800000000000e+07 3.128999999999999915e+01
-1.594076800000000000e+07 3.148000000000000043e+01
-4.316800000000000000e+04 3.164000000000000057e+01
1.568163200000000000e+07 3.180000000000000071e+01
3.157923200000000000e+07 3.191000000000000014e+01
3.667683200000000000e+07 3.200000000000000000e+01
4.721763200000000000e+07 3.202000000000000313e+01
5.542563200000000000e+07 3.210000000000000142e+01
6.311523200000000000e+07 3.211999999999999744e+01
6.691683200000000000e+07 3.220000000000000284e+01
7.875363200000000000e+07 3.222999999999999687e+01
8.868963200000000000e+07 3.229999999999999716e+01
9.465123200000000000e+07 3.228999999999999915e+01
1.026000320000000000e+08 3.239999999999999858e+01
1.102896320000000000e+08 3.236999999999999744e+01
1.261872320000000000e+08 3.239000000000000057e+01
1.364688320000000000e+08 3.250000000000000000e+01
1.419120320000000000e+08 3.246999999999999886e+01
1.578096320000000000e+08 3.250000000000000000e+01
1.642896320000000000e+08 3.260000000000000142e+01
1.734480320000000000e+08 3.261999999999999744e+01
1.893456330000000000e+08 3.270000000000000284e+01
1.893456330000000000e+08 3.267000000000000171e+01
1.993680330000000000e+08 3.279999999999999716e+01
2.049840330000000000e+08 3.281000000000000227e+01
2.126736330000000000e+08 3.289999999999999858e+01
2.200176330000000000e+08 3.300000000000000000e+01
2.208816330000000000e+08 3.296999999999999886e+01
2.271888330000000000e+08 3.310000000000000142e+01
2.350512330000000000e+08 3.320000000000000284e+01
2.365200330000000000e+08 3.315999999999999659e+01
2.495664330000000000e+08 3.329999999999999716e+01
2.524176330000000000e+08 3.327000000000000313e+01
2.586384330000000000e+08 3.339999999999999858e+01
2.681424330000000000e+08 3.345000000000000284e+01
2.713392330000000000e+08 3.350000000000000000e+01
2.804112330000000000e+08 3.360000000000000142e+01
2.840400340000000000e+08 3.360000000000000142e+01
2.900880340000000000e+08 3.370000000000000284e+01
2.979504340000000000e+08 3.379999999999999716e+01
2.996784340000000000e+08 3.377000000000000313e+01
3.112560340000000000e+08 3.389999999999999858e+01
3.155760340000000000e+08 3.389000000000000057e+01
3.215376340000000000e+08 3.400000000000000000e+01
3.287952340000000000e+08 3.410000000000000142e+01
3.312144340000000000e+08 3.406000000000000227e+01
3.471120340000000000e+08 3.414000000000000057e+01
3.475440340000000000e+08 3.420000000000000284e+01
3.584304340000000000e+08 3.429999999999999716e+01
3.627504340000000000e+08 3.428999999999999915e+01
3.736368340000000000e+08 3.439999999999999858e+01
3.786480340000000000e+08 3.442000000000000171e+01
3.820176340000000000e+08 3.450000000000000000e+01
3.898800340000000000e+08 3.460000000000000142e+01
3.943728350000000000e+08 3.459000000000000341e+01
3.943728350000000000e+08 3.460000000000000142e+01
4.043952350000000000e+08 3.470000000000000284e+01
4.102704350000000000e+08 3.472999999999999687e+01
4.128624350000000000e+08 3.479999999999999716e+01
4.189104350000000000e+08 3.489999999999999858e+01
4.259088350000000000e+08 3.495000000000000284e+01
4.304016350000000000e+08 3.500000000000000000e+01
4.382640350000000000e+08 3.510000000000000142e+01
4.418064350000000000e+08 3.510000000000000142e+01
4.461264350000000000e+08 3.520000000000000284e+01
4.527792350000000000e+08 3.529999999999999716e+01
4.574448350000000000e+08 3.531000000000000227e+01
4.648752350000000000e+08 3.539999999999999858e+01
4.727376350000000000e+08 3.550000000000000000e+01
4.733424350000000000e+08 3.546000000000000085e+01
4.799952350000000000e+08 3.560000000000000142e+01
4.860432350000000000e+08 3.570000000000000284e+01
4.889808360000000000e+08 3.567999999999999972e+01
4.889808360000000000e+08 3.570000000000000284e+01
4.952016360000000000e+08 3.579999999999999716e+01
5.017680360000000000e+08 3.589999999999999858e+01
5.048784360000000000e+08 3.592000000000000171e+01
5.074704360000000000e+08 3.600000000000000000e+01
5.120496360000000000e+08 3.610000000000000142e+01
5.168880360000000000e+08 3.620000000000000284e+01
5.206032360000000000e+08 3.621999999999999886e+01
5.259600360000000000e+08 3.629999999999999716e+01
5.365008370000000000e+08 3.647999999999999687e+01
5.680368370000000000e+08 3.700000000000000000e+01
5.995728370000000000e+08 3.760000000000000142e+01
